tag     phDeg   f1(GHz) dStep(MHz)   kick_on  kick_off      net  rms(fs) f3-f1(kHz)
base      253   8.00570      43.15     -4990      5129      139     27.4       27.1
conv      131   8.03361      44.19     -5421      5365      -57      4.8      -47.1
ph1       299   8.00570      43.34     -5014      5836      822     26.3       24.2
ph2       344   8.00570      43.17     -4907      5781      874     25.9       57.1
ph3        29   8.00570      43.17     -5475      5589      114     25.9       50.3
ph4        74   8.00570      43.18     -5316      5490      173     26.5       78.6
ph5       118   8.00570      43.18     -5316      5434      118     26.5       26.8
ph6       164   8.00570      43.15     -5188      5421      233     27.3       13.5
ph7       208   8.00570      43.16     -5019      5328      309     27.3       52.8
tr20      212   8.00570      43.19     -5108      5356      248     27.3      -18.5
tr200     112   8.00570      43.17     -5073      5527      454     25.8      316.3
sz4       252   8.00571      42.71     -4921      5150      229     23.3        4.0
sz8       253   8.00572      40.99     -4713      4969      256     22.1        1.3
sw4       246   8.00522      62.65     -7172      7555      383     23.2        0.6
